{"rule":"ONE_PLURAL","sentence":"^\\QPreprocessing included the conversion from fuel to scope one emissions and prior calculations for all continuous variables which included logarithmic transformations, centring and scaling by standard deviation.\\E$"}
{"rule":"ONE_PLURAL","sentence":"^\\QWe converted multiple emission sources into scope one emissions using the equation given from the Australian National Greenhouse Accounts Factors \\E(?:Dummy|Ina|Jimmy-)[0-9]+\\Q, shown as \\E(?:Dummy|Ina|Jimmy-)[0-9]+\\Q, was used to convert the quantity of fuel in litres, \\E(?:Dummy|Ina|Jimmy-)[0-9]+\\Q, using a prescribed Energy Content, \\E(?:Dummy|Ina|Jimmy-)[0-9]+\\Q, and emission factors of scope one, \\E(?:Dummy|Ina|Jimmy-)[0-9]+\\Q, and scope three, \\E(?:Dummy|Ina|Jimmy-)[0-9]+\\Q, to tonnes of Carbon Dioxide Emission equivalent, \\E(?:Dummy|Ina|Jimmy-)[0-9]+\\Q \\E(?:Dummy|Ina|Jimmy-)[0-9]+\\Q.\\E$"}
{"rule":"ONE_PLURAL","sentence":"^\\QVariable Mean Standard Deviation Minimum Maximum Yield (tonnes) 7.757E+02 2.179E+03 1.000E+00 7.231E+04 Area Harvested (ha) 6.670E+01 1.337E+02 7.000E-02 2.436E+03 Water Used (ML) 7.471E+06 5.646E+08 1.000E+00 4.268E+10 Scope One Emissions (\\E(?:Dummy|Ina|Jimmy-)[0-9]+\\Q) 4.173E+04 8.571E+04 6.755E+00 2.110E+06 \\E(?:Dummy|Ina|Jimmy-)[0-9]+\\Q 1.009E+01 8.127E+00 4.000E-02 8.634E+01 Average Sale Price (AUD/tonne) 1.477E+03 9.216E+02 1.600E+02 2.600E+04 \\E(?:Dummy|Ina|Jimmy-)[0-9]+\\Q 1.347E+02 5.711E+02 1.753E-01 2.979E+04\\E$"}
{"rule":"ONE_PLURAL","sentence":"^\\QAverage sale price's negative correlation to yield, water use, area and scope one emissions, indicated that size and fuel separately were not the determining factor for average sale price.\\E$"}
{"rule":"PHRASE_REPETITION","sentence":"^\\QYield Area Harvested Water Used Scope One Emissions Yield by Area Average Price Average Price by Area Yield 1.00 0.88 0.82 0.76 0.96 -0.46 -0.88 Area Harvested 0.88 1.00 0.78 0.83 0.73 -0.19 -0.81 Water Used 0.82 0.78 1.00 0.67 0.76 -0.49 -0.82 Scope One Emissions 0.76 0.83 0.67 1.00 0.65 -0.16 -0.67 Yield by Area 0.96 0.73 0.76 0.65 1.00 -0.54 -0.84 Average Price -0.46 -0.19 -0.49 -0.16 -0.54 1.00 0.72 Average Price by Area -0.88 -0.81 -0.82 -0.67 -0.84 0.72 1.00\\E$"}
{"rule":"ONE_PLURAL","sentence":"^\\QYield Area Harvested Water Used Scope One Emissions Yield by Area Average Price Average Price by Area Yield 1.00 0.88 0.82 0.76 0.96 -0.46 -0.88 Area Harvested 0.88 1.00 0.78 0.83 0.73 -0.19 -0.81 Water Used 0.82 0.78 1.00 0.67 0.76 -0.49 -0.82 Scope One Emissions 0.76 0.83 0.67 1.00 0.65 -0.16 -0.67 Yield by Area 0.96 0.73 0.76 0.65 1.00 -0.54 -0.84 Average Price -0.46 -0.19 -0.49 -0.16 -0.54 1.00 0.72 Average Price by Area -0.88 -0.81 -0.82 -0.67 -0.84 0.72 1.00\\E$"}
{"rule":"ONE_PLURAL","sentence":"^\\QThe three exceptions were: scope one emissions in Model 3 (P=0.22) and Model 4 (P=0.0.39), and the interaction between area harvested and water used in model 2 (P=0.22).\\E$"}
{"rule":"ONE_PLURAL","sentence":"^\\QNote that, scope one emissions was included in all models to directly compare the response variables as ratios of vineyard size to raw values and because it was strongly correlated to the response variable in every model (except model 5); especially for Models 1 and 4 (Table \\E(?:Dummy|Ina|Jimmy-)[0-9]+\\Q).\\E$"}
{"rule":"ONE_PLURAL","sentence":"^\\QHowever, for Models 3, 4 and 5 scope one emissions did not significantly contribute.\\E$"}
{"rule":"ONE_PLURAL","sentence":"^\\QModel 5 achieved a similar \\E(?:Dummy|Ina|Jimmy-)[0-9]+\\Q to Model 4 without area harvested, having stronger influences from water use and scope one emissions.\\E$"}
{"rule":"ONE_PLURAL","sentence":"^\\QThe lack of significance of scope one emissions and its contribution to models, given its F-statistics, could be indicative that other vineyard activities requiring fuel are not leading factors for a vineyards avereage sale price.\\E$"}
{"rule":"ONE_PLURAL","sentence":"^\\QThe lack of significance of scope one emissions and its contribution to models, given its F-statistics, could be indicative that other vineyard activities requiring fuel are not leading factors for a vineyards average sale price.\\E$"}
{"rule":"ONE_PLURAL","sentence":"^\\QIt is possible that the relationship of scope one emissions between yield and sale price was closely tied to a vineyard's area due to requiring more fuel to address more issues over greater distances.\\E$"}
{"rule":"ONE_PLURAL","sentence":"^\\QIt is difficult to discern the connection of scope one emissions directly, as fuel can be used for a broad category of activities.\\E$"}
{"rule":"ONE_PLURAL","sentence":"^\\QVariable Water Used Yield 7.538E-01 Area 6.981E-01 Scope One Emissions 8.883E-01 \\E(?:Dummy|Ina|Jimmy-)[0-9]+\\Q 6.836E-01 Average Price Per Tonne 5.600E-02 \\E(?:Dummy|Ina|Jimmy-)[0-9]+\\Q 1.522E-01\\E$"}
{"rule":"WERE_VBB","sentence":"^\\QThe response (predicted) variables in this analysis were yield, defined as the total tonnes of grapes harvested, and average sale price of grapes in Australian dollars per tonne.\\E$"}
